
// sample json resonse

{
	"status": "OK",
	"result":
	{
		"total_distance": 120,
		"routes": 
		[
			{
				"route": [ 0, 1, 3, 0 ],
				"route_distance": 50
			}
			{
				"route": [ 0, 2, 4, 0 ],
				"route_distance": 70
			}
		]
	}
}

// sample api input

input = 
{
	"origin" : "8.526469,39.261001",
	"locations": 
	[
		"11.571596,37.361537",
		"8.900745,38.740365",
		"7.056614,38.458647"
	],
	"maximum_distance": 2190000,
	"number_of_vehicles": 2,
}

// sample distance matrix with real world data

distance_matrix = [

    [0, 589070, 91111, 223066], 

    [588940, 0, 502534, 771131], 

    [86406, 504108, 0, 268596], 
    
    [223064, 772021, 274063, 0]
]

// sample distance matrix

distance_matrix = [

	[0, 548.0, 776.0, 696.0, 582.0, 274.0, 502.0, 194.0, 308.0, 194.0, 536.0, 502.0, 388.0, 354.0, 468.0, 776.0, 662.0 ],

	[548.0, 0, 684.0, 308.0, 194.0, 502.0, 730.0, 354.0, 696.0, 742.0, 1084.0, 594.0, 480.0, 674.0, 1016.0, 868.0, 1210.0 ],

	[776.0, 684.0, 0, 992.0, 878.0, 502.0, 274.0, 810.0, 468.0, 742.0, 400.0, 1278.0, 1164.0, 1130.0, 788.0, 1552.0, 754.0 ],

	[696.0, 308.0, 992.0, 0, 114.0, 650.0, 878.0, 502.0, 844.0, 890.0, 1232.0, 514.0, 628.0, 822.0, 1164.0, 560.0, 1358.0 ],

	[582.0, 194.0, 878.0, 114.0, 0, 536.0, 764.0, 388.0, 730.0, 776.0, 1118.0, 400.0, 514.0, 708.0, 1050.0, 674.0, 1244.0 ],

	[274.0, 502.0, 502.0, 650.0, 536.0, 0, 228.0, 308.0, 194.0, 240.0, 582.0, 776.0, 662.0, 628.0, 514.0, 1050.0, 708.0 ],

	[502.0, 730.0, 274.0, 878.0, 764.0, 228.0, 0, 536.0, 194.0, 468.0, 354.0, 1004.0, 890.0, 856.0, 514.0, 1278.0, 480.0 ],

	[194.0, 354.0, 810.0, 502.0, 388.0, 308.0, 536.0, 0, 342.0, 388.0, 730.0, 468.0, 354.0, 320.0, 662.0, 742.0, 856.0 ],

	[308.0, 696.0, 468.0, 844.0, 730.0, 194.0, 194.0, 342.0, 0, 274.0, 388.0, 810.0, 696.0, 662.0, 320.0, 1084.0, 514.0 ],

	[194.0, 742.0, 742.0, 890.0, 776.0, 240.0, 468.0, 388.0, 274.0, 0, 342.0, 536.0, 422.0, 388.0, 274.0, 810.0, 468.0 ],

	[536.0, 1084.0, 400.0, 1232.0, 1118.0, 582.0, 354.0, 730.0, 388.0, 342.0, 0, 878.0, 764.0, 730.0, 388.0, 1152.0, 354.0 ],

	[502.0, 594.0, 1278.0, 514.0, 400.0, 776.0, 1004.0, 468.0, 810.0, 536.0, 878.0, 0, 114.0, 308.0, 650.0, 274.0, 844.0 ],

	[388.0, 480.0, 1164.0, 628.0, 514.0, 662.0, 890.0, 354.0, 696.0, 422.0, 764.0, 114.0, 0, 194.0, 536.0, 388.0, 730.0 ],

	[354.0, 674.0, 1130.0, 822.0, 708.0, 628.0, 856.0, 320.0, 662.0, 388.0, 730.0, 308.0, 194.0, 0, 342.0, 422.0, 536.0 ],

	[468.0, 1016.0, 788.0, 1164.0, 1050.0, 514.0, 514.0, 662.0, 320.0, 274.0, 388.0, 650.0, 536.0, 342.0, 0, 764.0, 194.0 ],

	[776.0, 868.0, 1552.0, 560.0, 674.0, 1050.0, 1278.0, 742.0, 1084.0, 810.0, 1152.0, 274.0, 388.0, 422.0, 764.0, 0, 798.0 ],

	[662.0, 1210.0, 754.0, 1358.0, 1244.0, 708.0, 480.0, 856.0, 514.0, 468.0, 354.0, 844.0, 730.0, 536.0, 194.0, 798.0, 0] 
]
